000000000000 1 0 0 0 0 
000000000000 1 0 0 0 0
000000000000 0 1 0 0 0
000000000000 0 0 1 0 0
000000000000 0 0 0 1 0
000000000000 0 0 0 0 0
000000000000 1 0 0 0 0 
000000000000 1 0 0 0 0
000000000000 0 1 0 0 0
000000000000 0 0 1 0 0
001000000000 0 0 0 1 0
000000000000 0 0 0 1 0
000000000000 0 0 0 0 0
000000000000 1 0 0 0 0 
000000000000 1 0 0 0 0
000000000000 0 1 0 0 0
000000000000 0 0 1 0 0
001000000000 0 0 0 1 0
010000000000 0 0 0 1 0
000000000000 0 0 0 1 0
000000000000 0 0 0 0 0
000000000000 1 0 0 0 0 
000000000000 1 0 0 0 0
000000000000 0 1 0 0 0
000000000000 0 0 1 0 0
001000000000 0 0 0 1 0
010000000000 0 0 0 1 0
100000000000 0 0 0 1 0
000000000000 1 0 0 0 0
000000000000 0 1 0 0 0
000000000000 0 0 1 0 0
000000000000 0 0 0 1 0
000000000000 0 0 0 0 0
000000000000 0 0 0 0 1
000000000000 0 0 0 0 0
000000000000 1 0 0 0 0 
000000000000 1 0 0 0 0
000000000000 0 1 0 0 0
000000000000 0 0 1 0 0
000000000000 0 0 0 0 0
000000000000 0 0 0 0 0
000000000000 0 0 0 0 0
000000000000 0 0 0 0 0
000000000000 0 0 0 0 0
000000000000 0 0 0 0 0
000000000000 0 0 0 0 0
000000000000 0 0 0 0 0
000000000000 0 0 0 0 0
000000000000 0 0 0 0 0
000000000000 0 0 0 0 0
000000000000 0 0 0 0 0
000000000000 0 0 0 0 0
000000000000 0 0 0 0 0
000000000000 0 0 0 0 0
000000000000 0 0 0 0 0
000000000000 0 0 0 0 0
000000000000 0 0 0 0 0
000000000000 0 0 0 0 0
000000000000 0 0 0 0 0
000000000000 0 0 0 0 0
000000000000 0 0 0 0 0
000000000000 0 0 0 0 0
000000000000 0 0 0 0 0
000000000000 0 0 0 0 0
000000000000 0 0 0 0 0
000000000000 0 0 0 0 0
000000000000 0 0 0 0 0
000000000000 0 0 0 0 0
000000000000 0 0 0 0 0
000000000000 0 0 0 0 0
000000000000 0 0 0 0 0
000000000000 0 0 0 0 0
000000000000 0 0 0 0 0
000000000000 0 0 0 0 0
000000000000 0 0 0 0 0
000000000000 0 0 0 0 0
000000000000 0 0 0 0 0
000000000000 0 0 0 0 0
000000000000 0 0 0 0 0
000000000000 0 0 0 0 1
000000000000 0 0 0 0 0
000000000000 0 0 0 0 0 
000000000000 1 0 0 0 0 
000000000000 1 0 0 0 0 
000000000000 0 1 0 0 0 
000000000000 0 0 1 0 0
111100000000 0 0 0 1 0
111100000000 0 0 0 1 0
111100000000 0 0 0 1 0
000100000000 0 0 0 1 0
000100000000 0 0 0 1 0
000100000000 0 0 0 1 0
000000000000 0 0 0 0 0
000000000000 0 0 0 0 0
000000000000 0 0 0 0 1
000000000000 0 0 0 0 0